ISS (ZARYA)             
1 25544U 98067A   25073.03829470  .00015656  00000+0  28182-3 0  9996
2 25544  51.6372  58.2958 0006679  17.3049  94.1100 15.49978000500402
CSS (TIANHE)            
1 48274U 21035A   25072.81161982  .00021644  00000+0  24933-3 0  9998
2 48274  41.4640 241.4367 0006691 338.7839  21.2721 15.61424418221248
ISS (NAUKA)             
1 49044U 21066A   25072.82493880  .00017009  00000+0  30552-3 0  9998
2 49044  51.6355  59.3554 0006431  18.1042 342.0174 15.49971522206407
FREGAT DEB              
1 49271U 11037PF  25067.67566116  .00008999  00000+0  19934-1 0  9994
2 49271  51.6599 301.3428 0908550 335.1230  20.8289 12.27890519167552
CSS (WENTIAN)           
1 53239U 22085A   25072.81161982  .00021644  00000+0  24933-3 0  9991
2 53239  41.4640 241.4367 0006691 338.7839  21.2721 15.61424418214944
CSS (MENGTIAN)          
1 54216U 22143A   25072.81161982  .00021644  00000+0  24933-3 0  9992
2 54216  41.4640 241.4367 0006691 338.7839  21.2721 15.61424418134794
CYGNUS NG-21            
1 60378U 24139A   25072.82493880  .00017009  00000+0  30552-3 0  9995
2 60378  51.6355  59.3554 0006431  18.1042 342.0174 15.49971522 34320
SOYUZ-MS 26             
1 61043U 24162A   25072.82493880  .00017009  00000+0  30552-3 0  9991
2 61043  51.6355  59.3554 0006431  18.1042 342.0174 15.49971522500317
CREW DRAGON 9           
1 61447U 24178A   25072.82493880  .00017009  00000+0  30552-3 0  9996
2 61447  51.6355  59.3554 0006431  18.1042 342.0174 15.49971522 25711
SHENZHOU-19 (SZ-19)     
1 61683U 24194A   25072.81161982  .00021644  00000+0  24933-3 0  9996
2 61683  41.4640 241.4367 0006691 338.7839  21.2721 15.61424418220875
TIANZHOU-8              
1 61983U 24211A   25072.81161982  .00021644  00000+0  24933-3 0  9999
2 61983  41.4640 241.4367 0006691 338.7839  21.2721 15.61424418 16297
PROGRESS-MS 29          
1 62030U 24215A   25072.82493880  .00017009  00000+0  30552-3 0  9997
2 62030  51.6355  59.3554 0006431  18.1042 342.0174 15.49971522 17340
2024-013E               
1 62056U 24013E   25072.79847300  .01802582  77787-5  73990-3 0  9991
2 62056  41.4664 220.2381 0039578 298.1220  61.5643 16.20098575 19277
1998-067XC              
1 62296U 98067XC  25072.93607409  .00469056  00000+0  20627-2 0  9997
2 62296  51.6249  49.5582 0005792  33.5638 326.5730 15.82731657 14790
YOMOGI                  
1 62298U 98067XE  25072.22528648  .00541201  00000+0  23055-2 0  9999
2 62298  51.6237  53.0538 0006115  31.6507 328.4862 15.83226104 14686
ISS DEB                 
1 62376U 98067XG  25072.31956295  .00407393  00000+0  22686-2 0  9991
2 62376  51.6283  54.4741 0005925  39.4233 320.7198 15.77720868 13051
PROGRESS-MS 30          
1 63129U 25041B   25072.82493880  .00017009  00000+0  30552-3 0  9995
2 63129  51.6355  59.3554 0006431  18.1042 342.0174 15.49971522  1624
